       Jan.       Feb.       Mar.       Apr.       May    
Day Rise  Set  Rise  Set  Rise  Set  Rise  Set  Rise  Set 
     h m  h m   h m  h m   h m  h m   h m  h m   h m  h m 
01  0959 1704  0924 1800  0819 1903  0658 2006  0544 2107 
02  0959 1705  0922 1802  0816 1905  0655 2009  0541 2109 
03  0958 1706  0920 1804  0814 1907  0653 2011  0539 2111 
04  0958 1707  0918 1806  0811 1909  0650 2013  0537 2113 
05  0957 1709  0916 1808  0808 1911  0648 2015  0535 2115 
06  0957 1710  0914 1810  0806 1913  0645 2017  0533 2117 
07  0956 1712  0912 1813  0803 1915  0642 2019  0531 2119 
08  0956 1713  0910 1815  0801 1917  0640 2021  0529 2121 
09  0955 1715  0908 1817  0758 1919  0637 2023  0526 2123 
10  0954 1716  0906 1819  0756 1921  0635 2025  0524 2125 
11  0953 1718  0903 1821  0753 1924  0632 2027  0522 2127 
12  0953 1720  0901 1824  0750 1926  0629 2029  0521 2129 
13  0952 1721  0859 1826  0748 1928  0627 2031  0519 2131 
14  0951 1723  0857 1828  0745 1930  0624 2033  0517 2133 
15  0950 1725  0855 1830  0743 1932  0622 2035  0515 2135 
16  0948 1727  0852 1832  0740 1934  0619 2037  0513 2137 
17  0947 1729  0850 1835  0737 1936  0617 2039  0511 2138 
18  0946 1731  0848 1837  0735 1938  0614 2041  0510 2140 
19  0945 1732  0845 1839  0732 1940  0612 2043  0508 2142 
20  0943 1734  0843 1841  0729 1942  0609 2045  0506 2144 
21  0942 1736  0841 1843  0727 1944  0607 2047  0505 2145 
22  0941 1738  0838 1845  0724 1946  0605 2049  0503 2147 
23  0939 1741  0836 1848  0722 1948  0602 2051  0501 2149 
24  0938 1743  0833 1850  0719 1950  0600 2053  0500 2150 
25  0936 1745  0831 1852  0716 1952  0557 2055  0459 2152 
26  0934 1747  0829 1854  0714 1954  0555 2057  0457 2154 
27  0933 1749  0826 1856  0711 1956  0553 2059  0456 2155 
28  0931 1751  0824 1858  0708 1958  0550 2101  0455 2157 
29  0929 1753  0821 1900  0706 2000  0548 2103  0453 2158 
30  0927 1755             0703 2002  0546 2105  0452 2200 
31  0926 1757             0701 2004             0451 2201 
