       Jan.       Feb.       Mar.       Apr.       May    
Day Rise  Set  Rise  Set  Rise  Set  Rise  Set  Rise  Set 
     h m  h m   h m  h m   h m  h m   h m  h m   h m  h m 
01  1020 1724  0945 1820  0840 1923  0719 2027  0604 2128 
02  1020 1725  0943 1822  0837 1925  0716 2029  0602 2130 
03  1019 1726  0941 1824  0835 1927  0714 2031  0600 2132 
04  1019 1727  0939 1826  0832 1929  0711 2033  0558 2134 
05  1019 1729  0937 1828  0830 1931  0708 2035  0556 2136 
06  1018 1730  0935 1831  0827 1933  0706 2037  0553 2138 
07  1018 1732  0933 1833  0825 1936  0703 2039  0551 2140 
08  1017 1733  0931 1835  0822 1938  0701 2041  0549 2142 
09  1016 1735  0929 1837  0819 1940  0658 2043  0547 2144 
10  1015 1736  0927 1839  0817 1942  0656 2045  0545 2146 
11  1015 1738  0925 1842  0814 1944  0653 2047  0543 2148 
12  1014 1740  0923 1844  0812 1946  0650 2049  0541 2150 
13  1013 1741  0920 1846  0809 1948  0648 2051  0539 2152 
14  1012 1743  0918 1848  0806 1950  0645 2054  0537 2154 
15  1011 1745  0916 1850  0804 1952  0643 2056  0536 2155 
16  1010 1747  0914 1853  0801 1954  0640 2058  0534 2157 
17  1008 1749  0911 1855  0758 1956  0638 2100  0532 2159 
18  1007 1751  0909 1857  0756 1958  0635 2102  0530 2201 
19  1006 1753  0907 1859  0753 2000  0633 2104  0528 2203 
20  1005 1755  0904 1901  0751 2002  0630 2106  0527 2205 
21  1003 1757  0902 1903  0748 2005  0628 2108  0525 2206 
22  1002 1759  0900 1906  0745 2007  0626 2110  0524 2208 
23  1000 1801  0857 1908  0743 2009  0623 2112  0522 2210 
24  0959 1803  0855 1910  0740 2011  0621 2114  0521 2211 
25  0957 1805  0852 1912  0737 2013  0618 2116  0519 2213 
26  0956 1807  0850 1914  0735 2015  0616 2118  0518 2214 
27  0954 1809  0847 1916  0732 2017  0614 2120  0516 2216 
28  0952 1811  0845 1919  0729 2019  0611 2122  0515 2218 
29  0951 1813  0842 1921  0727 2021  0609 2124  0514 2219 
30  0949 1815             0724 2023  0607 2126  0513 2220 
31  0947 1817             0722 2025             0511 2222 
