       Jan.       Feb.       Mar.       Apr.       May   
Day Rise  Set  Rise  Set  Rise  Set  Rise  Set  Rise  Set
     h m  h m   h m  h m   h m  h m   h m  h m   h m  h m
01  1101 1703  1014 1811  0856 1927  0723 2043  0556 2157
02  1100 1705  1012 1814  0853 1929  0720 2046  0554 2159
03  1100 1706  1009 1817  0850 1932  0717 2048  0551 2202
04  1059 1708  1007 1819  0848 1934  0714 2050  0548 2204
05  1058 1710  1004 1822  0845 1937  0711 2053  0546 2207
06  1058 1711  1002 1824  0842 1939  0708 2055  0543 2209
07  1057 1713  0959 1827  0839 1942  0705 2058  0540 2212
08  1056 1715  0957 1830  0836 1944  0702 2100  0538 2214
09  1055 1717  0954 1832  0833 1947  0659 2103  0535 2217
10  1054 1719  0952 1835  0830 1949  0656 2105  0533 2219
11  1052 1721  0949 1838  0827 1952  0653 2108  0530 2221
12  1051 1723  0947 1840  0824 1954  0650 2110  0528 2224
13  1050 1725  0944 1843  0821 1957  0648 2112  0526 2226
14  1048 1727  0941 1846  0818 1959  0645 2115  0523 2229
15  1047 1729  0939 1848  0815 2002  0642 2117  0521 2231
16  1045 1732  0936 1851  0812 2004  0639 2120  0519 2233
17  1044 1734  0933 1853  0809 2007  0636 2122  0516 2236
18  1042 1736  0930 1856  0806 2009  0633 2125  0514 2238
19  1041 1739  0928 1859  0803 2011  0630 2127  0512 2240
20  1039 1741  0925 1901  0800 2014  0627 2130  0510 2242
21  1037 1743  0922 1904  0757 2016  0624 2132  0508 2245
22  1035 1746  0919 1906  0754 2019  0621 2135  0506 2247
23  1033 1748  0916 1909  0751 2021  0618 2137  0504 2249
24  1031 1751  0914 1912  0748 2024  0616 2140  0502 2251
25  1029 1753  0911 1914  0745 2026  0613 2142  0500 2253
26  1027 1756  0908 1917  0742 2029  0610 2145  0458 2255
27  1025 1758  0905 1919  0738 2031  0607 2147  0456 2257
28  1023 1801  0902 1922  0735 2033  0604 2150  0454 2259
29  1021 1804  0859 1924  0732 2036  0602 2152  0453 2301
30  1018 1806             0729 2038  0559 2155  0451 2303
31  1016 1809             0726 2041             0450 2304
