       Jan.       Feb.       Mar.       Apr.       May    
Day Rise  Set  Rise  Set  Rise  Set  Rise  Set  Rise  Set 
     h m  h m   h m  h m   h m  h m   h m  h m   h m  h m 
01  1106 1704  1018 1812  0859 1929  0725 2046  0557 2201 
02  1105 1705  1015 1815  0856 1931  0722 2048  0555 2203 
03  1105 1707  1013 1818  0853 1934  0719 2051  0552 2206 
04  1104 1708  1011 1820  0850 1937  0716 2053  0549 2208 
05  1103 1710  1008 1823  0847 1939  0713 2056  0547 2211 
06  1102 1712  1006 1826  0844 1942  0710 2058  0544 2213 
07  1101 1713  1003 1828  0841 1944  0707 2101  0541 2216 
08  1100 1715  1000 1831  0838 1947  0704 2103  0539 2218 
09  1059 1717  0958 1834  0835 1949  0701 2106  0536 2221 
10  1058 1719  0955 1836  0832 1952  0658 2108  0534 2223 
11  1057 1721  0953 1839  0829 1954  0655 2111  0531 2226 
12  1056 1723  0950 1842  0826 1957  0652 2113  0529 2228 
13  1054 1725  0947 1844  0823 1959  0649 2116  0526 2230 
14  1053 1728  0945 1847  0820 2002  0646 2118  0524 2233 
15  1051 1730  0942 1850  0817 2004  0643 2121  0522 2235 
16  1050 1732  0939 1852  0814 2007  0640 2123  0519 2238 
17  1048 1735  0936 1855  0811 2009  0637 2126  0517 2240 
18  1047 1737  0934 1858  0808 2011  0634 2128  0515 2242 
19  1045 1739  0931 1900  0805 2014  0632 2131  0512 2245 
20  1043 1742  0928 1903  0802 2016  0629 2133  0510 2247 
21  1041 1744  0925 1906  0759 2019  0626 2136  0508 2249 
22  1039 1747  0922 1908  0756 2021  0623 2138  0506 2251 
23  1037 1749  0920 1911  0753 2024  0620 2141  0504 2254 
24  1035 1752  0917 1913  0750 2026  0617 2143  0502 2256 
25  1033 1754  0914 1916  0747 2029  0614 2146  0500 2258 
26  1031 1757  0911 1919  0744 2031  0611 2148  0458 2300 
27  1029 1759  0908 1921  0741 2034  0609 2151  0456 2302 
28  1027 1802  0905 1924  0738 2036  0606 2153  0455 2304 
29  1025 1805  0902 1926  0735 2039  0603 2156  0453 2306 
30  1022 1807             0732 2041  0600 2158  0451 2308 
31  1020 1810             0729 2044             0450 2309 
